859	246	40	709	961	820	287	544	645	261	830	305	826	767	249	842	151	560	218	903	81	686	875	560	553	175	517	925	703	370	544	313	535	94	92	25	147	130	96	815	113	717	25	586	863	215	645	112	940	551	863	527	776	710	894	145	14	771	626	918	537	385	751	470	182	502	437	911	961	550	134	483	34	872	650	614	464	702	872	567	294	179	54	525	702	128	538	268	524	911	114	679	588	580	313	176	87	640	995	886	33	144	
475	223	582	622	978	70	551	198	147	750	776	260	765	392	188	76	825	537	146	289	84	784	857	683	239	526	314	971	29	495	158	120	77	344	16	463	481	426	203	422	574	614	719	442	941	952	792	138	889	201	256	435	682	64	271	637	657	561	704	94	237	305	357	438	253	569	829	955	903	873	661	774	73	750	5	741	798	286	700	650	755	452	79	708	250	376	150	836	583	961	711	907	49	141	48	42	203	256	671	258	724	931	
860	406	219	927	361	469	751	498	328	628	263	353	614	300	405	367	47	119	384	277	802	905	170	387	574	21	479	405	661	597	159	609	200	614	174	248	523	539	794	947	715	537	676	841	869	235	963	710	904	542	549	470	750	952	40	146	207	749	520	961	999	562	697	475	705	982	520	298	308	229	813	786	133	591	612	795	236	905	780	333	131	914	686	675	181	440	66	618	452	979	119	972	198	811	259	584	96	238	658	997	843	349	
737	423	478	919	37	968	884	230	911	419	760	953	523	901	958	129	698	188	668	520	421	125	81	62	570	785	556	630	108	672	800	73	230	825	647	170	808	519	988	34	453	712	54	132	140	795	26	611	582	104	679	554	455	285	16	941	561	949	126	319	277	595	396	947	228	680	159	134	365	249	109	669	703	981	205	67	273	950	408	78	103	797	6	787	376	723	916	830	663	205	612	679	695	607	158	274	98	5	230	357	35	134	
814	87	458	482	29	663	705	61	904	786	685	564	560	602	687	816	772	19	43	241	216	607	240	28	926	261	481	536	5	598	268	485	215	376	25	30	111	734	181	465	858	824	184	421	949	830	11	651	352	555	374	464	762	608	913	514	85	182	289	104	554	64	398	95	504	617	443	930	122	82	957	210	231	646	263	639	246	825	861	653	504	158	832	842	608	8	66	431	329	372	866	726	648	413	578	91	186	328	487	813	734	953	
17	911	454	773	20	818	146	850	333	422	853	308	793	137	204	745	707	718	669	767	364	745	980	284	616	778	540	790	670	264	12	581	856	897	807	790	589	47	809	617	179	197	871	621	904	58	998	42	195	21	654	671	599	530	640	533	672	331	926	884	8	963	715	109	164	367	651	415	307	438	323	590	967	395	36	777	319	184	292	802	475	628	150	916	962	704	179	928	25	639	481	856	789	541	763	200	211	162	585	666	781	894	
169	681	688	303	678	288	388	40	392	147	148	701	796	470	278	684	846	989	77	158	420	20	965	959	772	200	390	297	825	157	589	576	58	250	151	618	132	266	504	717	225	876	164	805	81	597	875	374	512	220	346	287	503	751	63	432	55	132	213	893	364	106	345	667	863	873	820	907	582	655	27	325	952	309	363	686	267	697	353	237	281	37	705	67	571	560	44	201	316	308	80	14	505	24	99	376	614	110	511	683	989	231	
53	464	124	678	403	192	700	931	279	762	417	73	145	945	471	257	140	529	721	952	974	363	328	559	401	471	578	434	160	561	624	603	413	296	989	199	362	347	732	897	959	924	113	710	316	241	131	249	319	169	600	736	0	517	761	423	611	671	104	835	54	102	72	977	980	234	187	536	673	814	329	421	967	260	488	245	680	221	791	776	53	736	440	316	150	227	277	624	987	792	82	218	371	738	459	627	58	256	127	337	352	433	
701	997	312	561	590	959	359	483	236	678	14	263	961	796	536	118	123	842	592	372	23	240	637	540	995	959	991	290	536	931	303	381	440	651	810	644	396	114	287	571	793	859	681	878	276	33	854	989	628	749	457	736	599	467	269	989	663	375	323	592	910	396	86	546	840	541	245	349	345	888	56	438	639	823	967	196	192	793	456	513	431	689	351	7	947	453	266	972	992	714	870	673	370	957	76	687	351	125	136	539	269	439	
148	140	957	138	56	394	678	293	277	305	716	766	314	558	130	501	286	18	357	343	183	837	499	359	771	437	661	226	508	870	161	913	857	140	243	509	868	367	396	38	142	86	211	988	585	24	140	58	567	62	910	232	551	645	42	560	553	139	304	963	586	720	12	133	137	847	305	934	826	340	940	674	227	216	957	892	446	827	361	326	471	145	116	412	766	913	669	434	158	242	826	826	167	558	438	371	522	772	32	246	324	24	
830	67	364	998	305	380	375	183	946	952	12	19	982	283	356	784	750	835	980	65	618	134	718	579	983	419	437	836	319	878	256	924	512	832	432	841	151	422	357	565	366	800	790	307	828	309	816	355	580	837	458	409	849	39	974	765	424	213	193	366	910	92	23	800	132	496	737	96	704	120	648	701	862	182	759	274	286	322	916	49	384	495	223	410	998	757	406	356	392	209	688	331	326	754	992	435	225	341	701	988	251	108	
936	110	297	626	525	823	301	450	926	547	777	776	956	843	625	640	759	921	752	7	168	339	630	791	805	406	792	558	565	612	552	616	717	337	999	644	50	803	592	421	87	784	375	634	993	429	298	336	209	980	295	495	306	405	734	730	301	312	992	859	225	9	288	246	686	949	688	196	644	397	960	563	607	25	419	236	558	527	434	326	508	612	973	473	590	953	326	933	127	10	681	636	697	859	842	661	44	539	85	922	740	502	
979	269	501	486	844	966	922	602	224	456	304	689	666	189	164	48	407	359	596	379	875	729	348	713	446	821	727	955	997	215	657	350	307	297	219	942	514	656	551	61	940	639	52	805	951	643	756	394	753	496	828	92	55	962	667	67	412	589	175	836	233	145	837	116	912	936	247	962	989	586	491	953	631	620	945	877	331	284	213	871	754	272	374	76	324	607	262	755	293	895	564	846	991	537	534	616	304	379	506	833	990	20	
375	198	656	509	143	316	470	6	40	461	812	839	596	516	787	920	861	550	24	730	573	907	937	128	197	307	773	112	724	940	164	207	27	659	687	948	78	320	497	923	557	95	870	253	52	692	171	69	312	871	14	687	851	728	359	404	90	285	455	457	829	618	855	769	86	72	477	479	382	345	931	361	740	803	489	402	807	67	900	743	47	772	286	188	782	280	543	535	597	53	28	101	252	532	104	387	546	46	785	176	958	408	
988	98	917	561	699	238	893	434	326	540	921	485	408	258	558	88	403	903	989	524	950	27	163	65	806	422	821	901	683	478	448	477	813	661	767	451	918	313	382	72	498	814	607	579	724	753	35	403	314	646	892	482	525	589	232	930	626	144	144	524	92	657	762	383	245	721	860	494	570	244	546	590	623	595	665	102	659	593	341	799	45	43	48	654	831	970	636	327	850	347	635	52	171	817	245	911	284	240	882	589	390	13	
928	83	837	365	543	437	412	67	107	572	827	894	322	872	494	418	751	247	232	269	534	421	464	125	280	404	627	553	105	269	658	437	273	136	973	122	272	145	799	757	934	580	820	911	466	145	985	781	992	939	147	368	200	278	987	887	453	231	360	284	227	481	502	629	133	429	790	780	6	425	877	385	462	932	345	558	279	353	785	507	977	442	740	11	346	143	605	702	154	248	806	969	527	343	59	835	724	361	976	234	783	118	
549	965	995	302	648	747	523	551	220	108	592	53	242	854	573	177	493	539	208	870	442	128	868	79	543	369	837	124	379	60	764	239	727	115	412	314	212	70	4	436	397	696	694	860	885	696	63	484	372	892	943	769	142	729	307	322	949	374	930	936	544	817	925	677	940	282	259	920	602	639	187	575	961	447	411	206	526	91	656	271	504	394	959	410	9	956	948	880	114	594	497	802	710	51	434	728	955	514	654	862	156	710	
120	481	410	906	606	459	251	38	778	155	468	277	56	281	75	210	551	432	424	836	771	453	510	217	274	95	156	922	614	839	601	827	738	770	479	911	345	548	543	985	739	160	381	302	305	589	997	105	227	299	270	742	720	711	271	755	550	354	935	988	499	873	825	911	867	1	288	439	730	353	575	364	972	949	213	595	515	871	430	706	210	512	893	855	280	584	785	90	254	259	765	487	564	13	181	400	145	606	966	531	602	849	
685	56	261	826	171	654	230	686	423	526	618	672	844	711	426	713	236	556	498	199	661	795	643	794	412	952	869	891	184	521	769	501	440	155	510	40	79	501	498	851	182	827	156	555	219	982	104	154	969	10	978	441	184	656	998	544	262	365	687	869	694	651	311	796	264	974	511	407	538	762	103	438	381	787	648	112	890	172	224	58	559	452	278	959	973	342	166	385	564	497	367	663	25	456	275	247	814	506	639	222	922	427	
796	78	388	332	574	399	578	618	739	834	974	403	869	65	980	262	651	691	149	578	565	798	320	303	983	158	905	493	392	886	226	554	603	892	193	840	997	417	10	254	568	145	647	293	40	248	397	886	997	94	241	594	752	445	195	162	185	552	49	360	920	438	447	30	282	327	254	134	334	38	531	313	369	680	633	76	503	636	569	287	179	787	761	744	825	178	650	600	442	317	919	284	727	863	899	575	98	784	954	254	657	773	
491	164	532	686	988	846	554	764	311	834	447	218	556	908	264	213	158	481	514	527	114	584	135	248	973	509	282	990	374	455	622	311	556	237	490	900	625	453	608	41	519	29	551	90	402	486	669	712	342	805	200	579	930	99	655	858	838	752	340	930	985	211	541	212	934	261	339	850	455	960	435	586	170	442	980	899	771	254	527	400	531	100	966	364	360	119	614	829	973	520	206	843	187	209	541	442	447	637	751	551	14	878	
225	88	15	471	189	935	760	508	912	719	436	30	618	327	19	611	997	704	170	397	626	762	380	817	176	380	625	524	830	347	303	401	219	178	118	118	140	971	464	760	782	981	777	323	93	175	987	295	604	972	533	263	78	511	285	156	580	272	148	449	183	71	481	240	81	129	856	446	63	578	604	202	218	906	354	307	671	634	41	339	659	688	711	902	474	633	157	256	242	79	702	774	924	579	404	787	291	621	380	118	159	346	
131	242	652	852	512	607	831	920	115	359	201	853	127	627	304	769	877	670	306	560	753	690	667	751	856	882	984	973	458	632	828	123	621	272	404	822	138	981	255	347	76	187	928	642	821	116	718	742	251	862	731	956	148	989	996	25	782	349	649	377	867	83	814	550	882	133	145	758	200	254	197	712	945	639	886	800	74	346	678	241	785	513	671	378	208	295	233	796	821	460	126	739	157	631	989	291	115	343	668	941	443	83	
346	305	748	443	476	550	781	662	342	905	143	53	324	579	868	296	737	318	542	471	679	296	267	804	800	265	215	944	118	826	458	954	662	742	596	79	754	222	614	6	606	703	451	596	547	718	72	280	299	32	439	319	620	235	370	658	665	953	6	886	293	46	77	725	305	127	601	475	127	317	22	388	408	91	231	932	548	596	612	367	216	705	939	386	917	74	492	385	966	554	241	107	345	336	749	547	242	355	268	544	821	445	
300	879	651	316	467	143	654	421	289	45	592	361	391	345	889	581	664	777	360	829	831	989	244	609	929	171	875	346	28	108	250	158	288	686	438	114	301	451	547	40	518	98	427	818	845	245	745	557	766	387	470	561	920	902	916	416	921	951	874	45	545	977	415	879	371	315	682	550	39	66	793	710	955	911	528	378	508	116	509	50	455	437	962	559	44	661	570	950	574	534	416	884	108	709	436	441	476	869	495	176	216	411	
81	94	337	698	673	137	284	744	397	443	698	448	162	119	900	762	838	811	743	472	876	622	932	242	785	316	147	52	261	335	993	358	219	961	479	508	140	984	470	824	440	65	543	5	207	96	648	989	704	238	132	845	672	508	697	798	589	151	400	864	331	860	761	531	599	22	974	990	178	62	592	803	560	579	47	58	969	602	374	734	736	647	525	333	418	581	244	283	25	466	100	441	562	911	536	930	500	862	956	623	307	540	
341	275	259	362	881	161	520	543	96	445	693	328	947	448	4	138	340	816	230	422	654	215	779	367	567	611	92	241	411	718	14	842	562	887	466	661	189	393	204	844	989	482	616	206	501	70	52	498	217	197	386	123	551	986	844	436	260	774	125	790	98	421	61	183	801	895	157	365	500	737	100	924	693	653	737	388	140	375	154	542	964	746	565	8	54	851	821	280	417	371	240	549	554	475	406	572	297	611	500	538	349	707	
561	989	473	518	104	616	54	140	944	870	435	695	193	694	739	40	280	152	838	34	660	968	930	687	282	504	683	259	478	347	352	182	371	807	824	85	653	506	517	739	485	873	345	28	348	741	494	82	291	798	946	380	803	364	154	235	425	36	54	511	196	672	670	642	122	867	171	811	439	619	881	613	648	504	635	873	463	275	984	338	664	986	629	471	595	236	699	590	771	944	666	23	646	963	5	863	70	449	328	598	872	619	
504	803	738	434	643	414	554	371	488	302	941	508	167	588	926	718	347	824	527	331	471	667	172	377	376	221	814	856	345	103	478	345	596	411	99	128	400	443	525	507	758	768	403	411	305	460	266	586	197	145	638	557	814	995	238	949	108	692	83	953	126	431	674	46	373	679	43	841	866	808	168	36	931	358	833	839	714	798	671	25	886	753	552	472	270	80	196	885	75	84	949	555	573	597	996	73	665	374	617	86	698	502	
626	717	150	530	521	353	994	529	623	859	136	521	685	17	807	136	981	497	228	37	916	39	984	672	795	723	314	631	606	166	943	499	397	951	871	875	721	377	138	495	417	319	674	847	957	91	858	901	418	274	527	255	992	340	119	338	848	163	472	420	835	874	881	993	863	313	862	513	194	54	600	55	4	277	76	500	792	147	478	253	683	344	549	579	688	347	360	794	516	970	601	540	326	794	417	622	528	252	436	699	436	89	
535	480	457	15	695	81	581	668	723	826	840	10	109	143	254	276	325	456	277	128	711	391	839	301	918	12	482	623	985	451	447	673	484	796	664	451	962	252	221	388	506	2	304	913	871	917	672	830	21	419	267	260	889	669	176	260	912	234	468	923	907	224	962	791	457	706	168	913	853	47	112	835	738	775	613	172	44	235	663	273	689	533	672	863	0	206	567	94	392	39	581	824	220	466	455	450	853	130	403	370	121	560	
390	794	955	192	653	476	147	499	987	359	424	789	866	144	986	130	517	716	741	701	38	333	947	761	900	683	537	740	615	661	133	721	159	841	158	213	969	456	476	939	67	397	322	700	275	880	570	169	35	598	39	403	639	939	424	758	10	546	764	352	709	340	265	56	562	807	506	781	689	153	408	157	137	190	103	992	745	558	549	419	94	699	62	313	376	233	300	239	233	350	22	535	173	60	206	695	176	317	623	290	829	479	
630	280	627	560	952	538	709	771	269	505	177	771	211	815	520	448	302	981	752	968	191	71	151	887	187	829	617	482	989	811	756	753	838	340	242	891	212	498	486	822	385	185	266	359	885	973	537	223	399	201	25	991	80	425	139	525	288	714	237	743	853	704	191	935	113	665	422	56	691	945	214	584	329	516	315	727	109	371	705	607	941	105	474	108	960	45	984	85	365	974	356	28	86	474	278	163	774	647	342	719	822	933	
987	641	382	923	546	466	370	969	193	287	754	574	28	190	727	596	655	320	51	601	797	520	257	375	209	674	453	582	148	799	268	199	182	448	599	892	384	425	84	15	57	361	46	249	351	974	510	188	776	158	593	579	658	731	860	576	832	887	94	526	22	777	853	0	831	102	348	513	524	707	827	438	400	562	31	905	842	148	596	383	19	630	248	564	465	894	321	765	883	624	490	439	885	852	562	502	86	106	310	937	400	209	
104	380	288	36	471	149	407	727	433	724	480	712	583	276	787	33	992	543	145	581	904	809	89	553	842	91	450	605	708	451	178	851	882	666	63	799	973	887	684	679	702	970	606	254	246	499	160	963	919	260	595	399	216	492	794	895	301	366	317	687	310	873	299	40	289	641	262	42	922	158	818	606	706	331	967	741	893	618	391	757	312	182	25	286	851	945	127	151	476	911	661	7	964	618	171	280	846	559	237	830	245	298	
153	753	445	694	481	71	797	79	489	511	307	91	115	929	776	918	721	689	598	221	347	701	831	470	170	29	72	894	228	171	718	11	841	3	615	235	189	316	237	236	503	344	502	453	664	889	272	532	177	60	59	314	127	242	78	277	944	300	111	869	826	176	894	833	233	954	73	506	250	652	573	199	679	632	123	411	826	597	161	204	596	681	179	117	336	46	722	719	644	368	804	619	280	133	99	596	419	462	138	579	714	198	
942	682	1	80	858	628	639	662	813	253	589	151	743	542	432	632	322	540	391	63	454	266	887	435	280	268	757	944	755	206	979	410	559	531	263	344	89	682	264	331	211	758	731	399	926	717	757	465	214	388	809	937	989	145	133	954	386	881	576	840	99	123	798	689	416	124	687	175	594	900	677	493	812	705	637	376	833	451	240	112	350	439	490	335	33	40	90	361	451	299	708	845	738	514	811	611	122	204	3	278	612	290	
278	212	687	605	588	291	799	534	233	86	923	702	66	161	443	183	184	577	50	986	720	679	704	779	778	319	523	347	673	684	776	76	818	423	684	106	440	375	16	743	135	771	972	319	600	38	162	558	725	321	303	471	918	88	190	998	274	670	318	192	202	914	180	466	170	470	196	383	481	885	908	534	772	190	313	731	966	150	135	829	378	794	179	648	644	605	547	772	837	159	440	981	757	279	83	116	790	339	230	750	271	101	
828	812	782	775	75	211	234	707	465	876	695	300	117	711	139	257	591	611	281	387	979	321	316	885	666	362	558	419	266	350	337	94	519	231	230	135	233	629	213	634	416	796	348	318	709	218	987	626	299	13	847	434	262	348	821	553	811	293	170	513	632	391	481	193	189	129	996	982	235	459	982	726	716	899	825	665	788	563	971	552	110	688	591	947	162	567	185	437	325	443	210	291	969	914	237	749	975	288	616	436	914	4	
591	957	254	178	805	404	265	201	77	900	320	262	761	750	397	80	128	177	176	797	381	601	460	325	110	371	404	14	978	791	341	863	590	631	613	378	18	168	596	955	863	790	994	646	884	844	466	288	34	204	797	92	508	164	834	97	875	226	4	522	321	986	204	6	36	77	769	921	614	764	550	947	554	669	819	895	913	333	174	727	94	207	243	206	767	108	897	534	510	739	160	244	6	59	200	0	185	111	163	985	329	409	
437	432	414	706	411	819	920	264	411	462	934	433	802	541	222	736	467	773	797	358	718	827	49	762	104	245	333	340	394	888	21	958	884	962	443	92	851	673	793	790	72	691	216	851	923	944	520	457	976	316	953	554	225	905	50	720	468	669	744	397	758	240	665	140	824	921	377	348	609	929	844	6	133	680	573	989	749	942	735	854	862	733	234	56	382	253	961	429	692	872	185	705	248	24	356	395	739	829	919	946	624	739	
736	345	883	523	909	398	816	49	985	920	647	422	328	151	55	703	389	328	185	982	393	177	479	279	311	730	420	502	582	917	989	775	951	951	153	150	327	887	357	760	815	982	395	617	962	848	803	231	295	730	202	727	608	516	531	191	866	634	204	820	774	85	730	853	927	839	319	855	437	287	66	483	353	617	712	149	370	250	419	30	223	354	776	667	110	219	180	159	709	162	505	799	247	763	566	309	153	434	837	232	117	223	
34	378	847	201	288	681	214	182	781	42	909	561	249	731	75	270	363	335	415	851	749	520	416	55	377	392	5	263	940	240	448	342	42	285	432	589	354	711	199	259	3	356	369	351	279	141	254	444	943	15	146	572	208	893	739	320	972	868	210	567	708	903	550	781	268	28	597	973	919	566	533	586	125	580	810	899	66	723	600	774	945	783	716	606	696	432	870	479	622	882	154	457	459	845	975	235	887	647	950	491	374	942	
855	363	345	771	258	22	352	899	570	851	624	135	294	408	575	711	506	171	992	635	35	686	131	754	314	657	699	862	451	380	47	63	615	509	329	431	623	407	963	391	121	524	396	784	400	75	517	676	311	365	440	701	478	413	435	686	896	791	433	377	716	827	186	289	459	201	901	282	938	918	35	53	952	128	301	656	441	343	736	797	685	285	256	946	155	671	627	993	250	636	48	345	177	886	280	812	772	710	43	490	354	829	
478	39	958	328	148	896	179	587	298	452	763	642	656	376	929	204	812	163	478	449	129	900	921	21	896	121	746	493	437	209	609	514	750	867	842	43	368	865	260	824	739	80	954	709	782	985	482	91	101	749	580	45	954	627	157	337	379	70	469	870	459	38	93	293	154	355	277	451	321	601	917	781	745	416	402	781	708	748	612	821	919	597	134	265	269	791	677	578	383	348	604	111	875	560	319	359	539	454	135	517	600	666	
38	755	478	102	451	411	201	89	776	825	768	460	378	436	442	175	161	663	414	476	249	51	455	273	383	312	528	180	864	699	884	994	95	218	945	537	253	942	958	879	246	872	698	387	361	679	303	474	640	385	984	572	306	776	286	424	269	159	57	845	576	549	389	811	447	585	467	25	392	975	66	208	950	673	301	256	99	138	614	370	572	711	683	822	576	167	761	709	313	780	911	665	654	570	188	20	576	608	139	934	491	133	
77	379	167	581	479	549	344	980	294	990	923	250	881	240	203	591	591	40	738	465	112	152	755	59	816	741	544	216	369	696	375	601	239	912	531	820	450	576	584	166	960	445	390	713	26	980	762	513	488	777	889	675	534	418	967	872	201	773	72	977	877	576	140	515	425	776	96	789	206	251	578	143	923	297	717	525	108	952	334	812	324	496	694	749	593	640	418	584	735	206	231	866	928	740	850	106	738	153	199	528	585	549	
287	151	655	553	536	982	433	974	736	1	132	758	737	661	16	592	972	99	739	735	215	268	633	117	609	327	443	444	599	487	437	278	944	456	21	437	830	19	616	157	54	544	407	801	186	563	75	419	692	42	460	112	334	438	344	235	952	689	962	497	178	983	225	613	282	344	651	157	240	748	282	213	576	696	805	850	864	480	586	26	451	829	307	233	485	273	494	991	688	729	953	377	934	747	886	796	8	127	268	602	222	619	
438	686	864	737	143	42	413	612	446	755	321	435	151	979	220	381	594	343	129	702	928	898	685	449	507	898	793	606	589	642	656	325	332	952	981	508	468	799	359	262	94	176	110	557	256	212	211	937	932	853	555	961	165	254	901	329	880	591	116	677	728	598	238	365	292	987	422	801	221	459	655	447	514	759	898	682	582	477	482	830	109	375	750	578	34	923	942	108	181	612	658	955	724	6	552	177	423	831	260	735	768	572	
765	518	3	810	733	91	18	303	408	51	36	671	465	184	903	299	754	74	595	63	67	849	81	619	301	609	444	892	231	687	407	140	112	772	168	464	934	320	147	128	23	768	169	260	262	667	530	524	400	226	385	345	799	254	696	867	310	150	316	643	342	289	897	914	169	376	929	920	22	928	713	681	173	791	509	566	363	172	141	656	63	204	360	994	509	395	392	704	755	160	845	386	643	500	159	325	833	675	982	980	21	500	
157	835	363	334	135	541	33	635	583	270	48	754	638	75	591	751	225	224	932	942	385	258	76	0	272	791	582	117	104	275	995	643	310	213	216	485	439	504	271	783	937	854	547	561	885	554	707	59	876	45	24	673	64	764	930	494	12	639	784	325	846	805	671	989	236	118	710	741	821	377	47	833	442	880	567	956	309	161	490	79	720	694	569	168	856	702	389	246	84	949	625	332	609	866	587	964	160	840	939	542	530	144	
599	561	498	268	542	137	964	526	308	362	61	682	221	652	515	242	213	775	118	17	247	809	568	586	477	478	697	114	584	895	357	851	136	230	738	154	718	248	916	811	800	716	667	507	989	988	105	615	362	858	444	587	308	69	443	461	118	467	463	660	517	752	639	683	138	128	184	658	768	538	76	311	576	511	163	344	769	985	0	652	531	62	550	851	654	63	802	820	950	196	698	646	426	243	22	120	285	105	22	812	180	663	
597	617	746	64	941	817	577	787	122	19	153	980	619	986	486	920	222	285	757	649	339	151	350	830	469	242	529	262	900	400	330	454	14	459	159	794	479	534	12	713	470	211	468	228	995	614	587	407	590	617	450	601	249	314	755	921	713	730	325	961	161	655	946	384	871	324	167	371	27	87	331	491	285	324	380	677	950	808	167	933	642	641	286	84	221	644	919	565	340	558	98	354	773	23	179	28	257	604	89	187	224	980	
142	491	958	750	297	991	453	393	480	546	355	11	721	692	510	174	11	681	709	608	8	849	168	402	462	675	339	755	519	731	102	701	405	718	585	17	434	859	167	103	207	701	320	217	411	502	996	848	551	366	492	518	719	645	475	902	651	717	597	65	247	979	926	955	736	823	646	717	672	225	148	428	380	31	137	345	356	389	791	130	714	124	674	66	399	966	445	853	722	721	287	654	874	930	119	660	567	396	398	274	164	824	
149	302	615	271	487	85	683	479	864	861	262	330	13	322	951	61	598	797	235	127	978	474	432	609	34	417	985	365	872	944	563	417	849	343	719	566	593	652	98	460	718	935	305	1	352	264	249	666	775	728	637	784	85	846	457	63	717	579	431	371	949	583	264	20	856	918	782	3	991	933	271	509	177	394	380	96	840	627	203	844	582	621	498	716	264	384	989	133	378	176	233	158	283	648	626	672	243	842	314	239	530	810	
843	826	834	260	71	680	407	515	158	380	22	595	736	818	252	73	339	146	921	458	535	109	612	121	280	205	937	381	412	642	65	66	958	402	904	775	154	225	828	864	497	385	788	596	160	859	96	194	484	991	640	888	672	553	448	892	595	708	866	782	596	219	836	549	799	254	299	625	684	378	888	978	574	692	970	407	697	319	924	161	976	811	65	913	262	689	381	143	675	61	582	741	433	851	555	939	216	653	628	484	679	659	
682	457	11	692	887	868	93	781	337	688	799	8	883	895	111	126	549	892	128	399	638	170	381	593	319	516	327	896	657	703	201	997	154	733	633	802	252	731	514	237	86	853	209	539	943	945	612	343	632	521	761	883	441	661	550	374	695	624	293	838	85	850	203	960	256	838	768	694	240	732	481	320	931	34	965	854	788	855	277	229	388	480	192	232	632	326	101	529	636	208	706	56	301	245	756	523	253	172	16	295	651	520	
866	70	409	742	260	961	890	401	738	616	123	816	235	119	241	189	386	571	100	810	661	686	627	352	822	535	488	664	945	862	517	29	661	702	671	17	94	356	417	575	746	671	916	873	211	544	998	259	573	884	593	271	760	119	774	155	175	555	81	608	858	370	799	340	514	537	645	35	435	325	698	817	638	506	928	131	408	530	327	222	717	491	467	800	105	540	687	550	16	712	233	901	332	356	80	286	120	534	36	35	755	951	
988	15	942	339	398	134	153	357	43	55	227	824	848	667	1	620	468	953	129	78	919	736	376	843	944	145	368	366	394	91	725	264	472	41	466	327	342	258	976	563	426	343	399	492	178	282	792	360	152	692	650	132	195	671	571	184	368	414	194	40	817	875	291	928	29	447	210	505	553	479	675	241	684	188	113	439	441	811	790	479	928	79	139	995	894	332	168	683	255	270	958	509	945	121	667	25	467	306	990	543	437	605	
19	746	186	912	673	320	699	328	42	258	454	107	203	890	463	942	453	739	205	640	604	829	497	702	270	496	754	832	741	57	412	740	512	451	994	282	431	664	26	200	102	465	313	518	876	521	822	324	684	472	747	131	195	999	433	250	19	240	555	762	824	0	742	892	698	527	567	281	162	639	877	394	24	427	481	738	540	394	740	600	387	796	568	105	684	124	865	301	572	710	461	977	879	268	930	134	320	860	358	575	227	820	
413	712	833	728	399	941	164	259	64	257	59	644	52	833	607	251	610	920	87	621	992	876	738	396	96	64	860	666	449	811	874	423	945	785	289	977	666	217	371	204	882	615	932	979	511	339	388	765	635	73	462	243	597	538	48	560	904	955	68	418	615	389	703	841	257	77	191	806	346	869	139	494	898	826	741	783	186	327	571	529	612	258	327	336	651	29	883	578	27	376	433	844	793	85	434	570	750	420	773	870	128	952	
562	265	593	874	727	64	244	717	820	744	366	569	586	685	226	860	361	672	752	958	410	999	150	731	674	817	598	710	305	850	930	204	857	60	758	575	99	87	550	413	150	786	960	704	345	866	554	990	259	242	375	700	497	124	478	767	848	359	291	907	28	450	835	344	360	599	962	345	567	676	359	999	466	902	770	422	210	710	796	597	473	25	40	436	852	322	33	689	36	915	861	340	918	397	80	236	759	708	388	665	579	910	
391	43	488	517	253	618	63	842	39	840	19	469	900	829	981	418	232	137	206	382	651	399	454	443	603	800	861	384	460	381	857	357	294	329	128	462	408	950	750	373	836	327	496	893	955	374	282	28	186	504	142	992	85	845	622	597	803	100	364	806	682	406	319	915	877	554	113	673	779	977	856	744	898	346	161	257	211	401	195	791	168	860	515	920	827	735	140	427	937	952	546	716	639	253	391	733	643	700	293	32	990	555	
468	883	329	706	622	162	526	837	434	835	144	262	655	214	158	491	697	988	27	84	344	338	690	496	767	454	24	896	170	289	674	372	412	973	465	893	839	152	299	442	373	618	12	983	168	100	901	603	485	129	187	744	510	233	507	545	575	812	613	23	65	836	310	252	246	526	803	76	660	875	475	40	198	849	596	741	623	671	656	157	968	721	761	93	987	673	307	942	521	727	697	639	186	242	691	779	803	775	534	943	53	386	
308	824	291	499	646	938	403	434	104	75	577	893	788	273	769	265	617	761	972	984	260	290	628	483	848	209	883	744	474	95	569	149	832	48	77	558	844	493	14	530	236	340	714	333	932	877	734	562	45	441	567	319	447	967	841	870	197	559	254	248	440	882	185	269	695	337	411	810	797	237	846	282	52	71	49	448	857	482	651	987	207	254	451	27	561	645	855	428	162	211	491	360	407	338	693	26	552	843	191	64	42	524	
876	648	168	918	759	207	84	110	872	605	568	535	736	661	138	982	127	52	480	150	604	176	975	477	773	803	603	855	47	383	810	81	968	692	209	664	219	369	364	3	637	192	600	758	574	564	339	849	697	279	198	425	871	815	513	229	456	392	896	723	580	857	493	924	874	192	646	389	615	414	841	80	305	323	389	922	780	105	554	102	725	588	908	682	541	653	244	809	432	531	24	169	894	363	948	749	930	257	192	541	793	384	
891	12	590	54	265	395	748	140	802	277	490	796	283	635	902	395	624	576	203	290	354	439	597	39	885	932	591	481	942	400	643	573	515	921	90	546	403	145	532	84	328	662	162	895	2	594	673	465	502	644	930	685	566	151	265	813	787	137	202	24	464	542	787	69	177	374	758	903	523	669	997	609	774	225	723	284	593	241	848	310	421	572	125	373	420	288	745	869	755	172	459	222	478	680	586	985	499	155	897	796	658	597	
206	180	243	382	814	3	129	783	921	939	621	368	420	113	221	593	854	645	359	61	178	586	641	588	135	921	803	32	469	146	615	162	497	517	463	534	962	733	224	28	125	615	734	256	798	379	585	484	912	912	790	349	527	732	528	875	804	36	336	685	784	672	283	125	173	363	163	295	745	330	809	920	660	627	857	444	132	744	134	136	743	924	472	954	330	221	955	750	159	514	507	82	739	343	92	612	41	487	462	498	929	754	
121	931	998	751	245	820	183	730	110	861	371	194	758	317	994	717	51	483	41	29	418	567	886	927	556	120	646	680	641	888	100	907	178	133	578	858	83	256	756	193	760	35	91	793	159	327	48	291	487	716	258	810	103	237	897	671	963	906	36	527	442	727	728	568	843	198	113	772	249	841	86	933	181	634	472	49	115	318	908	960	783	383	658	116	290	170	28	927	143	897	226	100	539	729	637	919	989	630	516	646	554	573	
756	388	243	698	514	316	763	844	574	843	236	790	752	921	98	359	190	689	10	780	506	798	995	516	309	784	334	997	736	120	963	973	469	409	133	868	489	968	398	440	701	701	685	72	629	65	343	781	113	890	555	613	130	974	875	234	39	397	376	3	928	625	142	474	50	946	576	614	405	405	12	321	298	469	282	196	578	573	305	626	947	573	243	819	627	539	98	474	778	859	923	881	747	618	682	26	907	664	382	777	542	52	
526	689	958	724	28	196	853	29	889	304	197	720	689	350	725	966	816	508	63	221	862	997	888	43	103	495	872	562	366	726	611	357	19	423	695	450	394	471	518	576	462	901	950	883	981	294	424	678	806	360	86	168	321	16	712	939	854	960	361	352	728	195	133	559	35	155	341	502	468	485	303	311	320	259	184	631	824	267	459	660	843	501	623	727	812	435	619	530	77	484	909	84	373	754	828	618	278	197	386	912	882	70	
742	425	919	897	761	564	928	789	304	687	95	85	337	168	88	652	745	137	543	813	637	748	356	569	152	56	381	309	668	586	813	586	341	63	412	550	130	993	856	676	701	24	890	16	13	563	747	61	194	568	785	674	625	208	205	642	600	950	135	539	381	369	980	297	338	696	879	940	627	870	941	808	827	495	21	644	252	697	168	725	109	654	197	11	465	737	65	499	870	335	333	775	371	680	720	996	709	53	326	466	708	557	
833	969	666	643	439	770	843	762	36	467	835	788	866	216	173	14	854	110	392	33	853	497	303	181	71	841	704	118	691	512	412	283	723	471	633	573	793	410	165	517	121	249	220	81	345	129	884	361	39	434	639	196	578	25	496	104	227	593	770	434	605	910	205	691	115	227	954	948	657	332	177	971	966	862	616	438	345	342	319	735	929	335	515	929	777	736	392	626	852	541	394	34	93	940	597	827	594	747	283	617	1	681	
30	467	660	394	343	554	970	359	623	506	614	205	731	664	652	916	13	795	992	875	265	741	641	634	293	379	519	609	549	523	793	887	157	758	138	837	992	150	556	668	217	450	957	572	665	552	634	71	272	834	705	317	343	404	667	937	45	676	794	755	648	99	855	64	950	772	112	711	125	434	600	973	488	447	671	260	267	74	11	919	201	840	591	721	323	894	747	311	260	990	404	427	283	569	245	770	81	772	606	136	804	173	
293	195	867	87	779	461	154	197	536	398	952	548	328	9	871	340	383	365	700	160	644	0	56	412	179	319	646	270	421	600	830	624	451	932	441	837	545	431	750	682	656	658	260	407	142	164	153	662	546	460	779	507	818	609	141	668	31	934	324	811	204	352	507	370	891	537	651	31	385	27	679	776	979	533	287	432	336	770	610	35	825	402	962	454	847	64	147	98	411	590	453	187	148	78	106	716	820	43	57	182	420	935	
68	824	41	838	7	584	223	778	650	195	582	985	905	66	425	700	722	22	550	713	183	525	219	459	940	757	142	697	571	209	153	676	550	354	75	605	285	463	962	206	649	599	495	911	312	582	27	453	714	15	145	406	323	898	235	312	986	614	154	730	529	904	96	603	726	989	473	82	105	308	489	365	23	31	15	406	542	651	970	859	10	214	51	525	800	482	788	51	794	199	383	56	546	469	842	666	466	841	553	197	570	768	
52	471	155	994	211	605	77	257	120	286	932	707	588	374	128	859	780	854	116	143	517	802	431	510	758	883	610	48	101	862	370	898	212	36	166	321	621	628	979	863	116	166	70	677	700	705	705	792	661	336	674	943	405	79	576	275	292	637	504	535	524	437	383	627	840	405	680	332	940	810	505	270	447	531	57	796	564	254	820	679	959	104	995	510	590	449	493	653	205	607	226	721	230	34	2	58	585	288	57	602	561	937	
422	221	143	13	421	762	747	973	577	793	976	672	38	853	312	919	46	707	264	611	593	348	484	909	347	168	174	694	393	803	803	8	692	565	14	77	265	60	282	727	736	581	98	847	36	3	203	713	754	607	853	992	925	880	781	70	50	108	879	999	55	792	378	239	625	325	948	481	127	668	592	130	409	132	484	37	957	713	592	39	722	230	132	230	46	342	778	742	702	904	284	644	613	753	998	294	886	166	375	891	349	122	
565	247	595	405	143	482	504	62	270	554	943	26	38	869	748	246	825	595	712	985	518	435	905	893	232	286	27	160	41	497	940	214	249	127	879	73	90	22	887	619	654	592	990	155	122	517	326	431	900	751	840	193	788	710	508	909	879	845	952	18	2	93	716	759	621	728	733	911	421	561	48	744	622	242	866	417	945	918	814	690	747	80	270	776	542	707	733	825	132	516	917	860	88	69	693	597	352	532	749	568	776	603	
668	820	984	808	618	482	610	880	746	910	964	600	2	317	381	196	630	383	413	291	833	680	981	419	390	361	274	697	871	172	876	484	931	256	708	507	717	433	837	507	627	700	385	613	692	649	375	80	517	122	4	915	966	411	369	662	600	403	683	65	930	650	448	372	757	715	456	305	988	756	354	807	232	691	466	337	811	404	679	559	915	600	185	810	930	328	786	221	547	170	500	763	111	411	68	268	570	654	54	620	607	348	
434	317	307	612	125	203	256	925	290	432	616	938	626	154	230	413	778	818	263	599	109	295	950	966	857	538	761	784	558	82	870	976	196	707	866	607	980	627	507	196	682	101	148	207	697	34	953	522	736	4	980	113	356	452	407	236	710	615	459	610	646	541	193	816	536	947	126	915	38	937	164	74	710	29	775	40	158	521	613	384	829	699	434	233	179	404	722	548	372	228	600	892	696	524	879	454	663	603	575	32	772	749	
715	591	471	512	264	628	767	137	768	671	304	887	96	198	49	374	95	639	129	775	16	949	780	542	585	112	560	845	205	480	813	55	231	650	676	982	352	116	142	153	403	926	185	384	943	41	527	730	773	349	279	650	114	821	360	93	319	654	827	903	208	801	953	367	441	332	277	632	815	207	362	985	86	101	808	839	919	50	171	592	661	693	501	916	504	342	366	352	209	121	73	843	47	795	448	645	889	356	842	788	861	166	
204	568	41	790	358	266	8	72	168	225	247	863	948	165	528	669	421	943	39	424	985	96	691	823	251	297	543	315	716	611	738	441	603	288	539	990	258	978	625	444	163	179	675	389	155	588	571	381	774	242	176	117	259	390	540	964	169	715	187	745	18	93	893	343	655	441	46	576	12	655	228	525	966	455	672	276	898	211	681	684	135	305	341	461	207	589	570	627	10	204	28	53	484	291	816	904	688	377	840	130	437	42	
239	4	616	198	856	335	34	425	482	738	147	404	143	522	918	84	957	708	743	586	324	287	627	395	193	718	655	289	858	804	660	481	587	520	241	606	961	620	497	918	261	496	375	795	75	844	23	405	76	894	495	367	521	905	734	359	753	327	971	961	620	695	585	150	936	506	970	25	308	755	234	978	116	470	549	415	452	75	235	376	880	898	858	265	116	768	173	805	887	907	213	17	765	307	965	55	686	954	90	13	641	309	
266	725	109	123	628	414	777	37	41	187	753	687	817	450	260	151	393	887	565	51	419	138	591	15	791	38	740	111	817	652	751	490	931	648	41	248	964	929	833	197	9	95	351	22	51	840	459	427	849	356	953	446	255	146	440	836	439	538	739	945	296	396	856	145	340	529	447	660	302	777	61	889	251	188	298	150	936	269	871	151	845	564	956	269	385	619	849	497	526	59	60	290	366	223	522	762	453	985	369	432	153	524	
557	394	424	691	489	416	9	552	705	281	694	158	750	256	559	579	170	527	747	473	348	695	259	788	902	775	471	1	581	123	885	652	233	863	263	586	790	116	733	721	361	185	554	692	479	862	67	268	411	701	342	715	454	971	671	499	804	182	977	623	364	158	331	624	121	88	280	994	567	337	268	256	287	568	364	477	791	104	285	604	395	364	399	787	497	252	227	676	924	231	563	268	502	145	250	887	140	271	836	868	157	728	
934	852	587	614	137	961	301	21	587	261	604	804	479	593	564	162	478	623	237	739	598	881	211	19	562	803	331	785	530	222	936	888	748	655	484	610	667	424	666	910	975	358	868	948	293	563	16	350	369	860	681	697	833	541	515	204	652	483	318	345	578	442	479	282	653	329	555	717	57	211	742	858	144	463	676	365	26	962	181	488	75	355	774	507	260	391	637	686	294	719	381	373	205	207	868	557	522	912	265	807	491	264	
121	442	255	360	795	30	708	190	659	39	932	292	621	206	952	177	843	702	963	55	152	165	482	565	685	458	386	197	891	622	930	360	203	566	859	817	723	560	686	175	482	723	436	71	981	476	292	706	59	983	56	947	614	890	257	395	251	448	741	192	908	13	645	875	283	621	436	282	466	978	309	982	489	286	316	309	736	173	672	386	557	351	439	603	408	428	690	411	854	784	475	122	603	306	221	250	234	24	930	187	226	949	
547	969	721	261	155	300	348	256	868	457	507	350	831	679	223	994	486	388	821	282	941	889	615	934	552	755	129	214	678	644	785	777	607	98	490	675	769	93	939	862	129	759	884	549	953	511	704	981	660	470	914	477	418	150	777	200	544	32	541	656	711	517	47	709	313	695	844	110	903	417	211	303	318	964	863	76	147	955	782	188	309	865	467	698	578	474	969	352	717	783	785	373	990	350	806	561	266	618	31	406	460	214	
757	226	76	808	893	546	759	12	576	288	536	149	713	528	326	948	191	280	365	314	676	342	169	904	436	631	840	857	106	660	40	182	288	223	354	859	390	367	221	200	253	129	293	427	692	648	189	571	866	742	98	224	229	635	298	921	203	316	30	702	327	296	404	392	102	528	648	821	42	973	963	720	638	430	308	705	412	153	927	561	468	674	67	249	269	43	889	827	721	659	833	808	452	689	7	972	917	10	534	695	504	50	
347	989	443	87	622	520	384	4	693	117	123	653	969	188	588	918	380	260	495	641	331	895	978	544	465	193	502	951	597	79	938	310	357	406	428	870	586	545	89	881	333	887	80	663	579	443	178	102	605	846	148	353	379	283	136	820	627	313	817	503	804	638	470	26	975	514	313	952	96	978	47	255	626	502	938	559	985	709	838	224	396	656	890	289	914	892	432	502	195	803	870	994	827	637	501	189	43	147	329	688	361	925	
210	623	41	740	187	605	51	50	802	711	671	209	583	121	183	170	336	598	108	351	324	927	723	939	935	121	400	816	669	531	900	16	802	504	444	432	130	243	954	130	340	240	120	243	908	395	210	701	825	603	459	325	964	374	91	471	107	627	279	480	109	348	777	253	551	443	394	786	494	782	181	910	693	750	286	477	737	292	331	669	843	109	42	77	159	120	771	531	395	773	839	85	9	177	833	699	920	239	916	531	360	177	
765	716	605	735	714	311	222	175	963	554	606	429	808	175	930	589	756	710	677	719	936	254	385	930	291	785	342	253	656	73	160	554	585	941	788	411	571	361	474	273	65	669	66	667	869	636	656	76	509	199	34	808	587	363	604	928	847	9	753	564	728	37	213	913	993	345	993	92	721	995	887	997	605	460	142	950	338	690	832	822	342	792	818	481	270	236	923	899	46	930	129	349	404	495	425	199	725	985	637	807	956	493	
275	625	936	904	795	895	182	786	305	402	111	112	349	898	92	610	951	442	974	244	342	736	418	272	586	924	294	283	480	382	533	583	807	613	649	346	649	213	602	821	44	337	985	79	986	778	386	507	645	102	34	711	607	644	900	102	145	79	987	729	178	897	331	281	3	290	416	728	672	801	188	905	673	555	675	517	754	97	418	864	88	758	167	387	806	322	674	243	830	993	940	642	427	992	695	748	38	392	222	292	728	419	
230	136	864	87	206	546	253	625	75	601	15	467	863	0	89	201	490	325	329	705	66	709	427	26	895	358	138	62	362	877	256	546	943	521	481	141	376	119	747	615	245	319	745	229	457	270	880	578	30	38	609	592	355	684	345	687	365	472	485	317	140	690	362	687	472	587	435	334	604	786	76	886	441	368	951	611	293	822	805	701	670	213	832	973	578	150	854	152	233	667	544	116	709	237	188	369	424	776	64	154	311	932	
744	507	638	782	729	661	28	574	223	609	176	898	740	273	580	291	594	157	553	197	203	756	764	853	615	681	263	743	286	496	235	774	294	809	740	575	223	997	165	583	765	902	782	892	198	628	755	122	477	389	79	304	934	244	313	10	26	430	686	896	910	665	655	358	7	446	44	445	1	944	216	666	568	669	647	677	654	509	38	957	150	401	955	675	864	461	140	476	7	753	84	323	327	372	699	334	131	26	77	71	446	937	
6	541	968	254	324	948	747	565	446	779	999	696	19	981	939	159	878	83	412	737	473	560	587	434	504	948	186	254	527	580	367	581	670	226	805	96	364	617	167	83	770	333	142	339	577	576	757	33	166	567	603	335	333	127	88	843	517	978	660	786	242	854	156	895	656	336	190	52	175	276	256	760	882	961	204	649	788	27	271	652	493	960	905	683	73	992	583	534	266	334	544	605	767	916	557	765	725	86	437	609	629	38	
711	467	430	376	545	739	581	654	552	223	122	591	153	12	28	107	944	244	823	530	567	720	342	542	970	719	644	758	896	208	295	693	580	645	911	354	28	745	971	689	794	131	629	458	146	275	463	104	467	188	805	837	729	90	597	724	378	230	29	463	352	849	132	714	335	213	828	504	487	290	742	580	307	399	902	90	723	983	568	599	728	455	372	199	230	540	862	902	422	874	41	681	397	787	564	325	495	428	765	32	24	559	
302	527	989	924	606	848	694	905	465	657	958	772	530	856	774	382	928	964	791	634	150	188	54	534	408	967	237	258	851	211	712	991	988	874	158	546	20	458	65	600	970	788	46	276	65	112	568	415	211	782	130	671	375	128	621	931	943	990	89	774	293	682	359	51	599	254	718	208	664	482	420	349	57	258	928	510	536	407	558	535	592	677	370	16	41	709	664	538	609	36	467	457	307	380	813	994	96	441	695	30	139	542	
777	528	632	9	196	123	888	477	422	591	110	183	862	342	22	739	416	706	311	119	139	194	726	608	353	333	597	732	463	774	356	864	655	232	527	203	562	475	535	426	113	991	270	53	309	497	733	626	685	812	576	777	225	746	621	504	301	603	456	568	288	605	771	735	77	117	36	215	89	797	975	886	14	398	966	488	768	200	438	307	711	24	396	225	500	280	912	267	175	133	649	139	320	566	152	579	804	96	617	100	962	426	
552	162	87	805	792	902	183	115	410	620	5	997	460	663	325	909	64	465	536	971	614	623	528	870	580	347	564	569	117	204	485	177	616	84	186	388	500	929	850	244	768	702	817	947	79	738	180	81	83	961	376	260	721	106	535	376	911	129	125	799	385	246	82	203	833	318	977	418	72	648	185	760	640	290	129	811	797	316	665	187	60	757	494	865	729	662	551	346	847	308	454	467	124	698	297	63	411	126	626	423	118	122	
491	18	3	950	430	621	318	708	36	724	88	148	124	209	399	578	438	148	334	868	792	117	38	248	26	262	404	142	965	652	941	865	425	471	608	84	943	128	275	210	596	363	881	31	304	205	346	589	413	864	699	162	116	244	455	264	52	640	646	524	404	217	542	836	227	754	751	690	630	877	995	798	74	185	926	132	739	557	650	649	44	675	510	68	600	440	400	866	512	980	745	570	549	949	80	979	561	137	345	602	953	667	
358	353	514	380	227	18	972	423	14	878	968	44	970	219	778	362	304	571	406	466	949	205	384	450	584	232	693	568	531	557	937	203	63	957	818	998	765	203	557	694	298	747	544	415	466	34	112	618	625	128	612	170	461	76	553	439	456	102	280	554	862	59	493	346	297	348	560	670	733	248	889	364	1	132	344	338	330	904	891	267	815	468	828	620	888	602	714	111	224	149	207	760	653	891	833	574	421	943	917	596	28	266	
361	145	179	507	752	621	563	324	196	261	978	239	607	960	61	553	290	82	999	694	82	321	689	517	455	823	283	853	511	560	881	912	731	20	73	967	600	959	804	262	937	519	476	482	179	685	917	704	537	168	222	912	193	959	466	249	222	533	522	350	415	1	237	386	56	943	251	305	936	633	102	303	395	234	691	236	225	877	335	680	615	993	53	211	580	280	351	640	758	880	35	403	454	713	608	433	761	136	0	7	256	811	
145	38	611	334	567	397	642	38	68	648	212	612	211	623	731	781	585	858	359	543	277	907	130	606	753	644	332	24	937	491	809	781	260	675	64	483	537	326	76	489	276	320	848	355	672	949	350	541	351	613	849	171	424	919	397	945	233	851	91	70	934	333	753	951	952	663	225	81	824	78	553	206	990	952	179	516	206	76	590	762	706	627	652	916	214	725	957	649	87	503	493	940	885	36	465	80	596	297	936	31	909	101	
919	285	954	881	157	664	298	356	585	530	114	467	561	666	173	471	428	456	692	823	753	568	177	800	74	49	744	649	172	975	64	308	864	869	249	754	566	334	535	606	152	518	678	13	126	349	549	532	177	988	135	347	225	627	520	521	618	858	54	872	900	287	816	770	899	63	131	227	791	568	986	265	324	822	142	154	572	789	151	213	787	527	73	156	92	757	115	488	891	627	356	661	762	616	718	487	144	787	495	37	814	140	
750	469	884	586	427	393	652	153	42	209	988	167	874	641	370	870	953	683	595	364	658	488	693	41	881	388	6	849	646	999	685	332	177	819	759	378	93	242	252	274	80	448	563	124	545	506	139	846	283	21	724	892	305	441	693	220	906	95	343	873	760	705	50	158	179	74	167	349	571	526	21	24	374	483	672	504	735	231	847	836	144	107	645	693	353	849	898	471	417	163	922	674	956	60	623	370	925	386	467	772	238	380	
280	243	830	96	227	529	963	913	6	729	833	943	478	597	961	655	740	387	61	69	263	654	226	279	714	226	607	140	2	39	574	252	108	42	840	465	124	777	926	119	728	613	437	760	558	325	697	812	19	832	510	455	871	563	435	354	5	948	672	879	334	198	465	903	488	967	124	462	171	942	727	34	957	616	301	415	671	949	539	351	832	102	997	656	392	274	159	126	935	34	129	307	6	345	746	100	702	368	120	118	161	609	
111	384	702	602	561	995	584	892	101	80	409	301	706	936	995	547	309	442	616	946	241	592	474	231	815	227	861	566	831	697	100	177	694	675	105	402	608	980	977	467	175	887	279	964	916	488	528	261	974	998	919	421	529	831	178	498	553	677	677	617	511	855	213	472	35	259	839	122	858	778	50	107	890	973	571	900	396	199	56	650	417	267	622	162	305	743	774	832	175	152	462	312	673	641	637	668	798	494	713	64	753	262	
916	826	853	313	11	189	169	349	625	296	239	799	28	611	904	817	135	882	842	207	824	181	156	102	26	526	824	590	829	573	522	463	669	64	241	731	625	575	588	683	197	672	983	925	809	710	686	395	579	575	817	631	739	558	288	446	486	462	593	531	661	960	424	574	622	79	942	292	803	378	957	872	250	370	834	282	702	908	268	287	875	33	309	66	15	676	887	274	567	244	992	379	744	43	433	17	535	14	947	675	539	581	
907	748	178	333	616	824	577	389	58	229	544	422	397	463	292	575	863	649	271	991	550	208	445	604	621	74	385	132	193	568	120	746	95	840	355	163	560	814	67	305	487	115	16	567	803	14	275	263	616	563	581	249	435	705	270	932	781	25	362	818	951	507	434	863	896	835	375	506	539	60	708	79	244	307	477	412	188	64	802	483	803	937	464	840	222	567	714	819	265	772	108	808	206	805	968	661	783	117	277	435	832	683	
101	105	809	557	557	253	786	660	10	20	872	850	34	549	895	801	713	561	680	453	245	189	46	85	44	907	179	999	317	374	360	578	140	813	917	311	338	274	309	2	636	323	62	846	922	440	311	263	195	886	659	596	79	475	734	284	45	339	605	488	967	99	450	257	627	300	864	715	115	242	340	995	478	878	101	629	440	0	502	282	760	329	89	423	129	760	406	881	723	427	532	984	379	41	303	705	888	470	667	73	399	582	
336	694	706	677	511	64	116	71	139	336	536	395	419	320	667	725	375	900	663	381	761	583	225	450	295	289	621	194	902	615	688	534	161	395	319	914	833	246	462	611	767	379	251	324	584	134	877	242	593	445	743	678	580	846	321	228	209	385	352	82	400	271	621	530	621	475	148	819	638	896	670	701	641	211	233	92	81	106	926	463	651	933	212	1	836	188	3	864	702	682	443	244	786	128	894	282	863	853	323	593	748	196	
916	773	586	175	875	947	662	939	432	732	550	19	686	69	98	794	287	269	69	179	317	297	939	971	811	693	205	761	107	404	779	492	57	378	138	159	167	104	334	729	994	976	161	512	774	569	261	934	638	637	782	420	302	57	532	511	964	485	376	976	364	692	372	824	699	958	704	899	167	516	898	804	661	244	301	690	290	159	478	650	270	118	723	29	718	380	492	620	393	32	975	352	718	401	191	159	132	535	332	372	65	408	
177	117	159	936	658	683	276	533	156	606	80	682	874	407	557	321	5	866	50	527	547	524	465	674	155	625	858	790	480	169	351	201	20	315	737	108	559	163	674	587	728	392	181	647	395	33	571	977	580	514	176	353	739	433	661	697	977	814	366	987	777	890	111	362	298	511	323	400	740	344	494	259	418	66	900	757	855	164	416	645	219	219	385	944	840	105	266	620	392	479	57	510	962	448	731	554	372	975	294	571	347	756	
574	916	241	76	12	806	694	367	44	122	178	101	582	618	849	571	768	332	625	530	618	399	944	602	498	712	930	373	8	270	161	6	124	965	933	332	47	8	527	290	240	947	272	441	584	352	103	943	791	456	227	346	112	277	278	120	995	509	915	833	507	729	609	711	879	783	23	908	676	933	843	357	154	695	574	214	189	170	346	414	256	890	239	460	357	121	386	314	408	585	759	945	349	836	289	334	943	250	599	571	322	499	
305	73	3	605	179	788	647	520	265	951	449	496	725	338	152	795	404	113	216	852	991	159	240	831	905	115	788	982	237	482	395	747	450	717	68	958	976	996	188	434	885	67	956	643	540	907	977	51	806	452	803	957	323	387	402	537	106	607	414	98	535	32	214	604	221	881	531	538	573	365	958	831	941	352	727	203	564	720	760	224	237	580	81	518	563	3	205	972	412	904	421	687	120	5	83	584	971	238	338	97	673	815	
852	984	738	176	316	480	167	792	413	772	755	288	330	189	773	9	304	662	750	953	545	342	174	113	754	853	692	235	567	355	701	195	982	53	59	754	801	122	274	67	64	37	56	216	894	827	740	868	499	864	920	935	282	157	601	533	731	164	783	632	364	839	872	815	140	550	561	311	168	672	72	417	57	948	708	12	486	792	110	205	574	882	436	652	32	964	99	600	431	925	516	270	704	510	659	150	102	339	4	150	928	947	
535	875	648	857	454	637	112	180	251	571	65	907	375	679	492	333	153	43	252	592	340	227	931	600	861	829	92	939	91	887	961	803	127	704	846	164	214	130	149	358	788	750	884	484	532	368	188	566	510	588	43	813	343	970	916	845	231	718	318	688	935	683	746	528	641	25	641	924	477	75	806	895	905	614	999	46	569	688	249	241	935	357	636	819	253	968	669	413	848	304	668	344	519	241	61	914	821	188	938	82	211	833	
585	631	41	804	754	143	558	382	172	132	223	398	544	963	972	7	797	280	281	540	14	484	468	577	281	256	506	475	858	399	487	611	896	142	429	815	13	911	444	970	211	288	956	686	29	181	511	414	668	157	890	304	908	339	581	19	383	123	257	326	271	521	786	393	673	740	557	144	320	144	115	821	528	492	974	124	269	369	52	366	555	189	58	870	655	495	299	440	173	747	193	107	963	984	995	244	222	241	935	909	204	985	
794	78	578	266	374	83	191	167	187	277	792	96	426	742	237	654	469	791	524	936	691	116	701	678	875	3	142	660	102	696	639	929	418	965	184	864	812	320	402	942	382	181	548	30	425	582	391	873	276	800	676	930	614	880	236	841	129	822	936	590	384	249	51	593	562	483	236	583	431	525	496	344	274	118	591	646	512	216	230	328	152	508	701	240	691	784	234	602	566	934	406	519	598	238	78	249	139	478	453	383	936	850	
280	211	146	975	522	106	398	164	689	851	864	498	968	348	834	443	110	441	402	578	647	743	351	33	114	752	773	41	923	264	286	605	474	199	379	648	235	72	588	640	79	90	821	203	979	772	514	97	728	726	260	610	427	293	812	162	693	80	727	873	262	729	698	264	86	854	840	113	532	409	842	254	698	348	374	293	304	233	996	755	632	409	940	358	42	403	332	615	873	559	137	688	990	252	947	994	500	303	727	659	507	253	
711	77	57	514	980	58	573	187	263	743	118	97	580	303	620	111	896	10	621	174	548	45	155	39	530	660	388	865	648	117	90	243	4	110	883	596	38	794	556	129	396	928	698	751	257	396	657	122	903	962	657	493	680	281	173	803	39	52	102	141	388	631	40	221	320	744	122	26	285	875	316	989	194	259	564	683	694	438	714	180	386	944	149	204	124	274	293	760	785	588	674	155	371	889	252	833	283	835	397	516	169	991	
517	965	482	458	356	93	481	539	949	300	793	427	945	651	113	754	593	93	105	452	888	51	124	124	152	392	239	168	84	969	9	605	422	530	875	332	3	533	154	821	587	164	435	507	413	993	286	225	986	492	126	451	977	788	656	647	531	250	394	453	471	107	998	262	593	588	782	689	39	674	122	20	989	258	345	976	65	279	460	733	985	915	769	553	387	984	542	83	245	262	140	565	366	536	39	49	957	850	331	498	57	310	
201	110	273	271	578	323	933	445	555	408	932	987	673	726	15	373	535	63	750	486	966	837	722	753	605	598	274	694	209	886	794	351	78	917	465	163	751	963	497	243	666	154	469	908	39	563	974	44	331	67	334	480	848	999	777	69	647	621	136	302	129	677	200	598	618	577	115	862	967	705	150	81	297	721	138	77	91	583	358	205	193	119	885	77	785	474	916	454	454	375	967	827	826	624	749	899	324	0	681	567	891	587	
802	254	290	871	781	632	76	770	177	184	865	788	587	77	34	382	508	994	489	659	24	157	293	174	56	61	341	412	146	448	138	811	814	107	730	444	69	211	730	37	190	196	660	721	529	16	178	4	135	130	625	818	929	684	313	167	488	941	756	348	93	175	957	969	227	408	508	590	273	727	119	919	372	274	602	575	557	702	290	315	599	422	606	810	603	535	159	908	95	284	226	657	708	389	12	651	63	45	222	471	499	292	
792	720	613	106	354	620	656	374	929	683	146	782	583	69	567	343	199	628	908	952	887	194	6	2	294	75	332	722	112	630	682	754	328	832	320	500	685	370	643	849	752	709	10	10	117	643	939	709	984	951	407	929	210	199	835	661	588	153	953	566	291	84	126	0	861	648	813	616	539	185	628	375	903	384	334	793	407	354	905	734	395	965	56	321	844	385	875	984	397	723	597	291	47	232	895	352	479	951	164	965	802	735	
861	936	781	396	781	868	294	340	247	29	335	687	231	582	844	846	406	625	786	323	386	727	539	946	725	936	367	222	125	717	165	702	652	324	346	593	929	163	793	49	583	937	733	60	596	290	139	920	772	441	75	416	119	595	103	714	881	81	429	868	896	390	562	614	147	994	280	288	337	190	561	703	360	537	236	957	191	907	832	23	150	792	375	859	348	199	717	801	225	851	896	457	965	857	498	541	89	443	124	953	549	813	
358	376	857	646	589	640	576	482	900	114	850	541	822	971	841	730	226	550	990	581	720	21	429	110	188	333	518	903	841	986	253	783	423	683	724	584	23	144	992	718	494	1	481	522	41	768	46	501	425	313	704	577	647	753	438	28	953	453	378	574	253	717	193	974	565	249	136	175	795	586	661	905	639	732	716	837	216	890	627	945	208	59	496	413	979	4	521	845	288	606	909	928	136	401	721	376	767	313	173	443	185	320	
488	449	535	204	361	559	786	210	464	76	415	763	556	98	972	358	727	911	330	343	415	404	595	990	477	566	958	123	443	451	264	857	898	415	485	856	290	496	984	991	421	566	223	481	214	448	211	24	782	699	854	992	568	716	222	597	782	7	401	775	922	233	593	637	689	915	506	672	437	496	529	962	275	209	288	46	861	246	303	673	400	265	277	193	640	542	400	797	402	821	537	374	650	323	291	565	183	253	949	717	876	838	
702	9	320	380	601	137	184	14	577	905	739	856	959	435	431	67	537	791	858	174	445	639	35	225	967	936	914	316	111	830	974	76	807	950	766	574	563	442	9	6	457	481	177	770	595	677	645	442	299	9	351	891	614	763	550	717	788	974	100	578	160	931	698	264	867	529	35	944	981	498	223	751	854	88	537	421	826	496	282	93	140	277	527	916	172	320	729	774	179	599	172	933	671	716	850	427	2	184	305	458	72	848	
314	977	169	646	627	418	931	10	175	410	540	115	788	545	422	896	13	179	820	660	778	94	860	962	293	861	54	285	662	507	459	884	602	452	897	931	934	881	831	885	754	826	236	737	980	194	5	387	603	917	182	932	782	197	120	988	795	293	420	591	948	533	103	774	471	144	487	952	932	122	853	865	53	437	755	753	865	398	272	767	833	940	530	888	32	961	715	659	116	261	991	863	914	166	676	767	673	524	483	109	308	804	
198	932	166	915	883	234	490	582	680	22	337	8	383	623	520	460	548	686	456	35	444	948	831	855	489	886	256	337	380	32	430	945	242	224	23	596	425	181	815	754	628	984	882	312	750	233	758	652	700	21	239	320	254	230	117	936	959	4	404	759	2	979	419	911	768	580	919	623	751	985	784	42	621	27	531	318	966	206	706	618	890	232	330	628	379	414	475	329	213	463	365	774	430	669	73	495	664	225	677	110	949	502	
21	462	339	73	182	224	624	727	772	790	479	128	351	670	571	739	521	378	252	761	683	565	232	982	409	304	764	390	27	367	667	516	134	381	101	585	866	967	571	371	580	487	467	900	295	200	608	765	319	10	179	402	575	822	71	495	659	836	769	387	992	514	807	740	947	57	868	108	911	987	217	947	971	383	29	980	987	400	287	588	917	506	811	433	247	735	564	943	40	937	794	73	428	641	300	45	500	328	7	497	709	459	
687	653	999	268	213	881	849	727	434	929	347	802	604	214	813	465	887	526	678	345	589	846	791	571	864	768	745	923	527	616	788	65	671	387	170	55	244	658	371	909	129	667	554	418	117	185	447	676	238	837	687	146	314	421	137	863	475	636	154	689	611	945	740	683	649	973	202	776	218	447	639	106	244	146	232	762	854	563	159	536	76	395	161	316	538	587	818	582	903	73	648	60	548	205	989	2	820	161	265	47	639	161	
575	749	674	407	758	361	193	874	788	412	415	952	878	417	469	914	554	296	401	199	825	658	569	731	559	910	945	401	277	676	649	23	162	544	571	113	493	560	683	961	5	249	992	653	596	664	186	281	666	773	20	295	270	388	11	868	771	263	808	765	72	750	571	569	751	625	648	161	243	663	983	973	852	887	102	33	757	88	945	112	0	820	597	568	784	810	386	806	847	724	448	323	465	14	363	648	528	169	337	605	34	254	
690	72	664	974	66	396	16	378	644	912	541	215	231	690	613	140	613	979	540	159	697	541	488	868	89	883	508	551	629	663	104	573	279	801	145	358	691	903	549	110	353	960	106	236	40	190	991	874	253	203	203	934	644	810	853	528	758	978	771	957	541	14	143	979	628	177	831	159	114	177	908	907	248	616	573	132	400	363	61	699	969	532	554	386	401	987	792	561	786	181	765	1	112	499	54	186	257	63	554	0	958	2	
165	587	682	785	424	423	248	129	487	656	138	872	843	122	871	551	449	729	460	53	2	37	639	653	956	792	864	403	514	938	104	858	840	12	646	914	970	596	776	336	844	601	7	135	452	488	215	446	952	70	941	465	826	223	673	404	187	750	246	381	511	837	528	922	365	471	773	531	354	645	199	297	694	350	233	847	831	330	384	312	341	817	868	66	718	151	863	145	762	132	382	30	177	761	389	993	228	836	103	941	554	64	
758	483	580	231	344	546	259	698	819	182	712	18	682	582	916	687	41	195	449	361	653	693	441	46	408	103	293	867	851	527	913	318	948	527	958	531	43	79	616	910	520	783	769	609	71	287	797	662	134	34	696	518	318	722	597	995	864	445	177	676	570	449	839	375	58	292	268	356	907	607	382	558	510	539	505	877	522	997	570	179	559	606	703	500	39	86	774	649	526	138	942	494	755	947	36	939	400	266	934	928	455	369	
565	900	533	267	822	768	4	374	505	311	987	480	815	625	888	992	701	88	649	231	870	674	311	806	880	217	77	401	293	592	312	845	309	999	430	246	378	808	588	324	244	634	419	223	894	797	578	264	169	824	354	234	455	920	246	121	507	922	913	810	431	579	509	899	358	654	529	684	507	646	986	367	721	460	342	27	485	274	229	503	801	409	945	517	643	592	743	301	189	966	293	68	885	475	487	868	216	634	413	182	995	281	
624	797	242	836	501	781	116	199	600	852	591	594	53	448	592	402	394	529	726	533	625	607	640	214	93	703	827	443	227	571	144	139	492	456	942	83	199	68	764	603	324	767	826	173	566	553	448	877	665	301	590	543	108	396	662	621	48	901	127	856	371	75	404	690	526	263	20	490	765	632	83	335	744	17	393	136	397	522	498	739	193	193	246	420	895	490	369	640	248	500	421	619	500	847	974	831	303	915	46	311	247	146	
19	899	541	681	550	980	714	970	85	522	492	558	292	787	234	409	623	567	692	87	147	514	830	270	270	274	807	187	883	610	20	977	658	918	338	615	848	472	245	746	931	419	482	595	697	845	628	602	42	818	93	323	506	222	834	352	620	387	893	399	531	653	485	653	306	370	864	523	671	814	972	321	275	205	491	744	190	690	837	212	152	928	266	418	67	535	240	29	871	890	825	951	286	670	529	167	18	581	559	118	539	12	
906	95	269	778	486	526	865	458	414	543	467	322	668	355	997	373	335	702	554	622	45	484	44	935	833	902	530	536	430	959	732	275	541	700	817	688	843	308	956	789	399	828	482	240	466	734	295	232	128	698	642	312	862	253	534	686	869	170	26	803	198	615	202	547	469	161	271	304	811	466	454	290	159	994	837	346	629	163	259	575	722	738	864	736	999	291	314	899	828	516	441	70	454	501	662	812	4	661	200	882	582	689	
950	306	783	129	228	120	373	563	320	835	174	773	628	630	46	709	313	592	998	338	393	913	199	41	726	254	247	617	850	798	451	976	942	221	686	17	727	465	481	166	974	948	868	379	558	546	539	395	987	443	620	39	713	259	72	43	771	560	561	835	222	548	123	871	917	851	5	371	390	103	450	514	316	122	675	596	495	619	887	549	697	942	262	640	450	925	122	20	310	155	863	821	229	747	477	998	267	284	436	62	25	640	
647	929	740	765	259	393	725	947	138	684	329	543	747	399	866	543	37	867	453	967	796	239	69	364	498	990	448	111	698	659	352	573	545	810	773	788	541	665	753	904	747	623	373	439	388	427	674	169	144	488	610	660	558	215	319	255	881	94	212	126	231	424	76	445	863	870	7	376	1	236	836	523	347	966	683	557	592	836	802	443	179	868	787	634	141	271	844	860	892	567	983	159	572	16	347	762	122	595	99	682	838	91	
373	956	905	162	413	99	720	899	395	892	288	534	594	792	258	623	883	275	504	975	946	11	745	784	302	842	553	555	607	823	813	445	515	474	870	665	314	463	460	47	43	397	20	326	934	544	181	181	963	179	567	969	651	218	29	546	758	590	493	862	84	962	478	370	96	934	489	14	738	858	219	176	323	958	266	628	615	496	205	19	294	141	337	970	483	587	33	741	513	870	990	171	986	226	336	938	467	81	259	286	868	156	
733	807	260	695	159	137	205	297	883	137	299	81	941	716	426	127	85	273	49	826	891	218	834	478	987	846	892	545	12	411	954	269	228	459	325	80	638	860	175	794	558	461	82	575	220	254	993	887	304	207	132	258	293	515	746	319	520	22	82	542	987	788	75	613	717	276	205	240	581	582	527	109	63	617	499	15	581	944	134	345	834	69	140	85	395	655	140	389	815	16	503	946	833	202	215	35	475	99	574	889	44	934	
628	328	557	156	854	680	377	923	27	21	844	14	968	580	38	5	334	760	7	614	66	675	837	444	350	424	563	463	783	89	189	324	679	580	689	559	899	972	600	406	751	941	526	423	728	135	701	549	642	543	257	223	132	611	464	618	593	172	304	64	936	329	581	704	710	425	363	696	138	641	417	153	217	559	863	842	212	30	577	975	815	52	748	252	275	912	49	908	654	871	40	295	281	681	199	107	354	695	810	441	219	864	
333	236	635	373	560	974	964	129	426	124	365	869	457	731	288	163	569	507	542	617	907	706	354	800	656	108	307	958	983	290	78	97	563	272	348	613	648	988	440	183	951	844	171	547	616	390	947	299	407	222	633	777	67	548	603	768	979	596	98	285	161	434	28	219	428	189	764	480	416	211	80	66	497	293	947	678	248	885	172	378	124	869	368	689	165	994	460	15	830	1	621	485	577	993	667	232	423	225	355	445	407	667	
540	0	47	177	236	285	97	798	172	38	384	577	785	423	412	382	269	558	513	301	838	334	790	783	508	718	917	166	961	718	726	540	692	98	762	511	414	666	773	411	65	344	258	785	526	556	269	511	662	69	509	88	539	648	617	781	48	382	453	339	254	241	965	175	856	55	905	624	689	619	65	164	957	176	763	477	757	399	227	341	183	571	938	656	118	211	666	658	997	352	216	153	970	695	739	915	569	457	685	154	637	913	
328	423	630	838	18	718	552	2	564	761	593	210	791	455	797	6	32	478	749	35	30	558	445	496	225	728	813	774	413	519	131	820	471	22	390	913	16	115	46	683	816	818	634	480	237	404	866	595	603	306	679	33	358	52	383	332	86	511	557	63	346	983	409	116	361	185	916	947	228	820	671	731	544	792	964	534	315	808	748	968	61	292	146	528	609	211	249	858	11	855	218	268	612	49	776	776	188	62	944	298	463	530	
762	170	564	356	989	108	10	978	395	390	571	359	656	57	526	618	409	236	247	48	426	917	210	837	369	818	400	271	585	447	705	19	185	296	19	109	335	289	409	2	895	325	864	48	232	812	798	473	296	360	763	771	495	962	853	11	922	224	702	587	473	762	41	378	171	837	6	347	304	823	777	353	864	508	154	601	346	569	752	752	407	863	855	399	24	170	124	244	773	715	358	947	687	962	40	700	16	96	716	295	954	572	
250	509	822	948	449	185	918	991	589	440	372	881	306	772	221	198	712	823	320	50	887	750	987	121	837	931	152	42	62	336	484	217	139	729	585	854	782	665	84	96	685	671	353	285	925	587	349	822	16	44	29	655	66	788	117	733	745	326	772	451	747	318	382	862	629	882	801	936	209	64	196	786	55	56	645	453	311	307	818	170	309	52	267	760	694	853	806	575	19	149	202	531	500	482	48	427	847	850	718	874	41	334	
822	550	123	48	840	727	321	484	787	258	503	997	161	799	900	826	692	615	484	745	603	298	305	530	98	256	490	360	185	390	150	123	211	763	187	881	897	956	834	438	96	453	917	114	977	474	764	818	168	405	908	537	199	431	473	561	132	276	501	380	576	170	130	472	129	691	484	634	842	492	523	346	569	245	280	712	42	225	693	637	74	616	466	958	351	420	501	132	430	768	625	263	940	640	667	420	489	412	593	628	530	423	
315	847	478	240	191	345	52	230	816	716	699	809	974	286	177	951	516	733	24	900	854	832	86	726	633	631	956	432	799	798	185	340	931	278	312	167	427	180	463	631	588	718	313	128	353	811	935	752	63	11	626	728	979	63	956	92	765	698	640	837	729	88	95	269	347	365	773	873	403	162	171	382	953	699	102	605	3	901	711	985	781	774	397	124	272	869	792	372	518	676	871	67	485	58	380	808	794	534	782	560	176	545	
64	97	649	412	304	392	659	2	195	81	799	831	479	615	342	81	201	5	605	781	191	220	972	741	993	990	833	905	940	546	209	364	166	433	666	72	1	225	466	340	602	743	36	613	233	850	741	771	622	862	834	390	594	975	573	552	252	118	975	524	829	272	607	264	102	781	788	751	96	495	744	682	52	876	205	248	236	61	893	556	561	320	196	342	519	667	776	148	6	234	829	65	251	834	114	903	22	271	824	754	869	715	
684	109	960	120	738	25	974	136	628	666	121	259	780	405	158	449	247	31	8	112	490	200	220	608	649	480	983	533	69	544	119	981	886	780	576	155	858	927	225	779	189	576	238	295	929	507	151	897	751	251	304	265	543	759	666	930	773	811	802	400	381	49	560	277	591	399	283	93	350	634	140	885	686	835	216	315	476	737	817	402	771	400	775	245	436	736	803	183	685	185	965	512	637	53	655	707	447	446	225	853	253	755	
158	632	407	77	887	873	45	182	462	246	121	612	670	268	800	51	993	408	226	273	722	709	975	109	316	726	509	482	450	788	328	521	865	154	282	941	219	863	819	787	838	827	329	641	764	590	827	854	579	765	643	755	688	567	323	392	135	911	706	378	303	522	199	164	364	100	876	916	476	78	470	727	447	434	492	711	736	970	503	155	889	998	593	856	78	701	329	775	457	958	141	783	726	415	441	76	439	846	399	496	523	885	
695	570	706	171	186	892	564	369	297	193	931	739	604	647	942	392	504	289	840	219	791	424	496	331	422	42	90	47	235	795	358	318	446	348	783	798	90	338	823	20	476	601	697	739	147	976	623	728	312	430	757	94	40	341	221	869	71	77	765	17	640	165	974	983	2	718	990	195	525	440	153	656	326	242	859	872	567	771	601	533	10	854	432	870	679	582	110	366	36	822	896	186	813	804	268	386	132	103	696	825	754	439	
330	216	159	604	73	360	79	969	420	599	646	146	538	261	908	812	201	126	524	916	363	107	522	458	966	373	860	15	643	41	146	886	890	675	312	639	443	548	76	353	456	453	755	585	961	25	33	702	368	261	0	623	262	148	16	415	94	689	768	967	329	83	477	109	273	440	377	460	826	667	357	484	685	896	434	843	807	43	67	4	313	315	951	903	906	868	415	273	810	653	699	94	464	7	930	516	983	496	737	874	988	535	
363	1	379	696	34	825	858	386	365	247	806	336	658	413	285	645	942	946	572	19	515	996	210	293	97	292	588	723	801	617	914	622	405	88	714	893	932	58	884	640	221	573	518	643	889	200	377	741	534	890	667	809	337	970	174	236	443	700	24	577	232	586	805	985	508	473	162	727	759	70	636	347	35	601	649	525	971	8	140	541	230	639	287	16	612	935	947	790	840	548	292	945	487	372	611	800	264	965	260	477	476	478	
545	100	920	792	230	6	720	814	216	781	247	971	615	672	509	275	339	257	567	189	990	989	45	263	430	131	208	147	678	857	995	664	493	147	323	460	663	614	282	681	459	84	208	45	741	241	987	71	837	62	313	822	552	371	643	708	876	394	53	915	618	385	555	639	343	88	870	620	179	380	750	905	943	660	74	30	816	226	263	562	145	980	638	887	240	724	809	314	479	124	78	246	950	782	652	872	943	411	590	673	74	306	
551	479	187	603	285	405	56	101	880	380	487	677	741	441	152	184	558	385	518	978	44	891	772	272	40	229	53	955	389	562	13	894	131	18	694	130	616	962	45	840	335	925	695	935	766	547	982	854	2	690	185	732	814	146	618	814	260	37	417	145	347	7	954	385	658	138	418	345	20	37	968	388	684	454	657	123	730	349	260	112	439	387	192	514	661	156	786	106	651	785	995	597	184	40	458	523	861	79	758	168	856	47	
767	961	6	918	173	497	289	536	577	68	258	567	931	340	497	608	707	882	35	887	964	975	491	774	221	20	28	10	98	407	357	183	827	742	174	965	260	969	506	107	892	571	342	243	242	577	641	198	877	311	260	225	178	599	804	864	932	627	398	330	38	525	930	181	525	189	11	172	148	499	86	374	231	205	593	897	949	715	590	470	624	833	735	303	246	141	764	974	949	529	771	64	858	35	88	394	371	724	974	274	286	934	
908	194	217	825	939	168	324	360	175	513	876	623	588	856	457	624	955	921	161	950	741	699	54	641	55	413	710	508	934	704	571	547	957	965	306	489	869	857	855	241	173	494	625	595	274	12	545	497	64	224	825	82	617	883	875	95	158	142	719	973	860	52	881	890	160	402	18	291	823	458	14	437	999	822	231	163	506	363	536	256	956	251	28	621	42	728	479	805	365	102	173	518	208	144	10	939	318	294	9	760	568	165	
418	686	478	288	350	248	483	125	60	821	366	219	921	998	142	203	243	530	589	284	375	49	225	660	36	22	639	443	464	464	896	562	737	770	537	924	774	202	734	515	271	927	743	47	26	383	837	811	296	919	846	296	535	436	415	278	185	818	202	496	701	939	89	463	252	666	49	610	823	953	274	141	536	967	102	575	926	678	72	376	444	740	95	523	924	592	75	536	664	664	32	645	337	993	753	542	532	934	294	3	722	860	
144	769	670	686	404	348	805	60	47	723	713	809	633	892	646	861	757	737	897	480	24	859	589	401	680	239	591	486	887	70	453	556	176	633	939	178	481	524	910	441	753	835	805	670	700	179	869	395	805	274	523	74	483	185	271	676	295	848	127	122	925	91	137	410	225	892	822	963	108	42	859	700	207	392	946	146	175	168	897	777	817	538	864	70	584	983	33	834	205	363	819	993	71	659	727	756	635	867	15	611	933	915	
563	455	912	467	39	951	346	492	330	633	420	313	223	52	448	390	585	627	116	7	795	908	702	909	6	202	312	573	198	576	710	937	71	360	933	595	203	683	142	790	368	785	28	79	888	883	531	389	9	311	681	629	166	723	297	753	821	94	413	954	731	972	668	979	957	272	357	472	8	63	363	783	275	330	81	477	59	84	768	204	679	877	886	4	726	486	513	720	622	510	661	114	422	725	378	689	934	319	297	722	469	627	
984	733	451	100	509	378	689	527	663	444	109	54	203	372	250	61	414	345	224	35	726	622	832	652	350	564	10	596	585	434	890	102	390	754	824	894	797	743	408	740	434	724	338	74	663	366	730	199	399	244	738	221	608	437	967	688	432	107	330	937	916	87	183	266	837	198	459	554	924	66	65	834	630	204	542	905	555	848	838	774	116	41	110	124	332	984	516	891	953	903	564	444	939	90	548	317	988	264	482	886	191	933	
261	275	286	124	961	251	655	309	998	240	15	745	651	72	410	845	920	435	345	846	521	190	861	82	98	272	683	696	87	667	625	160	506	181	0	501	667	551	834	698	547	478	485	603	969	592	913	766	65	81	911	842	538	751	147	791	927	35	867	14	832	177	40	489	530	257	548	966	332	287	916	129	571	951	97	944	808	718	170	491	289	245	900	179	622	439	516	481	348	165	892	354	111	736	44	826	43	95	651	392	460	601	
287	409	607	709	521	407	977	216	764	850	142	695	431	383	772	69	17	505	889	272	285	93	379	95	734	3	207	638	597	962	387	446	120	274	408	990	69	640	578	127	608	677	162	318	801	296	894	195	417	446	759	386	215	223	459	511	766	314	396	488	385	476	513	741	314	389	404	851	766	907	620	458	333	963	563	124	177	605	187	103	46	48	148	124	721	974	241	280	51	681	436	291	888	206	375	144	90	809	781	236	204	249	
407	723	596	93	779	471	136	239	451	818	717	520	698	222	252	196	444	362	758	255	134	120	617	273	803	813	395	590	169	673	454	249	308	632	381	450	457	608	894	741	853	868	808	925	263	303	431	976	156	757	614	349	978	167	261	340	231	646	499	181	418	346	157	339	593	474	623	42	229	367	842	663	323	516	951	95	685	345	755	787	993	969	836	434	440	440	379	151	921	41	930	421	286	790	896	192	64	201	587	806	407	3	
477	637	460	300	33	719	483	442	128	572	707	469	431	446	976	602	708	995	739	598	937	918	823	662	664	327	887	37	792	676	519	590	470	840	625	954	271	716	393	811	93	659	882	466	200	482	418	671	856	167	843	727	632	136	756	738	92	808	296	941	15	911	309	86	670	527	80	719	833	398	134	20	371	848	166	672	663	332	422	317	838	811	531	266	78	4	725	146	917	780	354	147	823	300	969	572	492	731	618	339	446	541	
108	757	17	324	807	303	667	182	20	261	78	152	162	97	132	842	426	902	587	394	724	85	577	725	443	480	601	27	399	293	630	314	930	366	800	278	886	542	317	680	228	646	873	652	928	66	209	968	931	605	421	882	440	692	356	833	588	362	460	839	416	799	162	348	200	774	359	446	313	847	972	401	279	970	695	394	852	990	214	560	296	281	379	20	293	176	801	128	242	657	783	599	491	807	306	436	967	494	511	181	602	872	
785	849	387	79	888	463	560	724	307	25	329	768	63	433	979	945	344	579	462	390	79	588	281	310	421	297	725	230	408	306	327	314	163	920	681	943	738	29	507	862	207	163	518	27	14	216	490	678	136	849	753	241	342	861	275	732	820	347	187	502	145	261	434	69	75	511	274	416	640	35	981	426	658	471	32	673	883	850	186	256	658	226	833	242	668	18	328	1	142	162	49	718	226	31	161	305	209	141	28	474	160	42	
103	785	893	372	789	140	492	590	491	135	877	231	640	9	560	507	359	316	516	15	456	869	796	143	350	157	580	26	185	679	970	848	591	435	704	755	926	282	537	468	894	667	786	543	557	582	163	553	586	847	862	105	998	372	103	669	208	34	692	79	272	710	456	336	998	216	138	362	28	540	123	132	17	244	168	538	951	816	797	692	128	264	355	560	716	459	106	994	238	313	75	602	497	902	103	463	940	399	268	939	357	938	
762	471	549	761	832	985	104	456	885	234	169	976	964	669	171	250	638	349	546	871	278	598	747	944	578	431	402	762	190	854	699	692	373	452	11	84	842	115	583	902	563	341	957	894	680	183	834	985	403	438	67	327	184	528	432	340	646	55	662	815	23	705	980	834	981	123	753	579	285	320	332	834	536	716	571	132	751	14	392	23	816	349	337	32	87	250	407	554	22	695	906	111	679	486	418	515	321	309	961	351	274	456	
583	892	988	608	230	840	219	3	751	78	861	179	956	841	915	547	440	329	824	720	308	866	791	116	372	544	466	145	185	240	480	236	480	763	438	808	443	908	610	148	30	980	3	335	124	115	317	900	51	834	740	881	486	103	87	748	954	777	431	79	275	357	64	907	151	792	583	420	555	958	548	452	565	450	42	538	641	414	197	716	976	822	707	170	47	48	14	621	724	262	873	336	445	16	441	38	404	675	526	396	278	815	
842	0	140	792	953	819	372	570	18	331	400	930	765	891	734	195	45	511	922	95	552	219	977	31	588	963	31	460	244	929	852	878	396	650	987	965	353	986	243	687	500	9	953	921	825	429	893	9	979	50	308	563	707	112	982	259	504	645	809	619	121	290	190	213	601	345	90	515	34	695	87	532	157	943	252	138	744	712	395	458	569	799	554	4	146	640	940	220	678	737	424	671	716	831	962	922	873	798	113	104	122	379	
497	450	755	252	129	580	481	978	16	782	895	549	84	408	623	273	627	241	390	593	317	794	925	913	442	78	654	111	936	53	460	13	199	217	86	984	97	600	709	13	60	884	524	485	2	120	759	566	955	84	479	724	377	514	358	975	36	25	173	783	655	498	526	653	755	881	199	884	650	902	436	144	199	245	816	718	860	371	125	540	596	83	738	570	170	248	260	537	682	539	153	539	814	694	137	900	787	226	469	855	966	846	
613	11	937	778	388	56	963	979	159	605	894	471	54	268	786	763	218	360	914	971	640	269	942	323	588	897	521	3	225	497	508	608	528	335	842	432	184	235	61	646	405	176	721	288	268	881	456	949	61	819	638	338	402	556	13	879	280	636	12	6	891	571	347	19	950	379	619	362	331	152	355	197	120	517	550	310	547	865	931	276	424	834	53	697	0	144	453	747	20	349	148	225	610	532	845	265	983	416	498	991	54	398	
494	808	200	901	683	512	84	676	413	409	649	334	191	838	786	474	668	895	25	117	649	925	319	532	273	416	906	100	848	710	65	261	876	311	412	911	793	911	791	627	781	60	952	861	220	521	367	377	516	714	614	563	370	105	745	347	423	361	640	329	334	184	866	422	351	586	933	979	849	491	675	261	131	597	958	738	604	12	608	149	67	414	588	624	161	967	337	986	231	179	512	311	218	277	220	24	446	936	578	546	417	972	
697	515	79	740	699	58	407	845	164	783	843	89	315	779	309	517	871	616	385	0	491	868	598	661	677	603	441	250	340	131	899	346	144	556	617	560	846	303	757	990	484	661	115	724	106	52	95	732	378	334	21	838	953	298	936	672	814	927	527	840	850	30	294	573	793	176	257	554	944	656	150	221	271	98	299	119	146	315	933	788	914	931	723	366	377	745	226	685	694	389	418	298	613	388	433	348	979	631	959	499	713	453	
146	514	486	635	331	730	562	449	840	669	24	359	595	304	724	895	595	581	942	612	505	176	541	356	214	640	527	338	363	360	279	503	905	351	649	674	827	133	819	645	896	559	348	498	349	564	289	286	3	672	205	845	396	305	489	934	132	385	52	640	630	692	413	229	652	179	999	614	619	255	324	176	246	145	245	925	521	106	545	157	705	78	388	567	379	943	649	131	51	255	428	578	830	934	753	64	977	253	873	480	755	145	
358	856	400	620	100	143	24	313	67	669	327	887	650	650	494	928	391	569	363	194	316	886	252	109	116	54	538	262	558	758	499	203	376	47	704	376	89	584	520	386	144	221	324	154	248	430	998	525	720	883	828	345	406	926	169	130	725	721	53	398	671	99	563	485	476	653	564	613	178	841	355	949	935	989	984	209	622	636	825	45	823	246	806	662	410	290	299	797	908	201	148	589	83	844	644	631	855	424	758	731	290	201	
391	674	241	301	196	114	539	691	128	458	986	452	953	759	295	728	812	958	707	172	973	34	155	267	348	400	195	890	892	865	439	880	638	193	502	190	142	670	256	715	44	82	441	764	293	292	54	154	859	420	728	860	282	670	575	799	804	441	744	354	872	657	898	791	855	649	333	71	143	181	124	989	387	358	293	830	682	655	471	711	807	41	827	32	658	402	518	568	821	986	461	505	969	249	194	5	481	379	991	601	583	918	
912	720	959	846	286	539	41	207	353	400	938	563	661	305	285	867	952	631	653	923	411	502	55	522	880	522	710	303	603	514	679	427	251	812	6	994	571	394	656	347	764	988	51	619	830	534	179	748	870	971	310	492	66	353	298	91	67	271	413	229	242	628	477	218	494	98	762	834	477	908	881	444	561	331	626	656	109	191	420	924	752	268	711	517	73	611	2	542	820	874	678	317	851	535	859	76	553	801	369	517	667	135	
666	66	88	286	359	316	378	524	224	778	405	826	527	13	952	138	767	265	298	886	809	847	247	137	71	984	595	377	493	84	286	517	29	589	16	867	162	517	695	326	335	431	126	718	880	509	632	344	25	318	150	784	326	450	958	884	427	200	45	443	477	159	813	197	584	356	738	485	395	373	217	236	865	275	3	872	569	261	681	949	808	562	816	442	429	415	847	303	70	715	118	542	113	558	137	936	781	681	205	545	634	810	
819	135	990	670	611	910	914	573	74	216	516	832	223	731	838	382	490	699	743	256	823	378	177	609	322	37	435	914	626	81	439	413	475	517	22	944	854	922	915	636	660	257	846	927	860	147	186	575	33	455	488	56	655	119	661	831	535	348	890	840	1	52	50	117	337	889	802	464	357	619	252	996	998	656	556	918	470	115	551	105	329	499	248	851	135	94	5	330	656	30	858	51	817	650	924	212	662	600	304	568	304	946	
125	851	217	382	311	615	822	58	302	742	877	536	727	808	110	326	329	96	135	554	650	570	354	692	499	104	418	12	266	326	902	5	414	450	389	410	304	560	475	721	184	68	811	885	301	905	381	232	41	474	897	936	645	463	453	689	129	858	908	332	862	83	848	62	447	1	761	796	861	33	478	382	691	788	139	874	338	84	76	458	926	695	209	736	48	992	674	617	452	586	149	544	262	382	629	845	537	991	150	141	72	588	
207	179	769	262	814	143	878	26	810	47	286	577	277	363	900	462	600	77	486	360	724	944	768	273	294	241	442	566	83	588	696	744	221	712	344	665	892	413	721	915	224	964	874	822	413	464	377	377	144	900	765	763	698	141	518	842	843	66	139	756	497	129	788	756	712	507	26	599	140	411	572	671	517	875	891	255	106	303	183	513	938	542	275	341	238	287	479	842	371	64	821	178	663	229	470	153	57	254	174	478	894	713	
429	950	378	139	983	52	484	153	623	613	405	692	679	684	921	612	451	833	695	676	895	336	798	502	229	663	960	336	292	607	436	440	125	911	518	276	320	277	850	133	367	927	761	429	161	41	963	358	298	575	190	501	448	550	757	39	385	518	381	834	403	178	452	487	93	219	210	199	444	578	613	372	616	437	943	297	817	780	987	844	20	100	720	835	322	99	37	541	90	989	534	451	749	967	270	598	595	970	446	818	189	26	
356	844	475	864	215	0	191	852	26	471	681	407	943	902	36	312	310	490	328	549	198	891	713	869	91	62	497	836	777	440	66	742	304	303	806	967	96	403	115	867	983	414	409	1	305	87	325	869	119	677	915	639	635	482	967	670	522	174	493	688	779	62	35	270	88	44	147	940	363	833	797	15	939	393	932	122	742	238	143	410	881	671	267	737	901	17	96	504	116	614	577	368	54	310	272	738	213	980	25	245	351	547	
965	377	845	208	810	282	983	593	425	319	491	654	633	59	78	215	898	396	761	535	644	986	919	575	937	394	359	494	408	316	885	192	259	385	830	204	739	425	548	858	19	708	414	284	323	23	267	189	926	954	288	472	118	927	561	874	638	141	845	354	487	623	581	648	71	359	893	36	408	302	676	128	525	504	289	369	786	83	831	513	876	905	634	201	23	239	346	918	431	933	399	801	896	70	78	187	242	970	443	136	407	867	
703	964	991	220	165	187	999	433	687	693	965	634	678	578	751	546	506	811	820	144	623	458	258	371	272	10	58	779	64	553	162	806	919	852	913	792	497	868	304	231	710	161	87	878	941	540	990	135	458	657	597	735	290	725	869	901	853	780	25	162	443	806	159	848	169	674	772	276	614	316	879	374	402	507	124	187	47	262	28	104	946	953	162	321	51	10	321	843	762	553	629	919	445	799	488	152	96	542	726	776	252	281	
730	797	683	789	866	306	563	305	753	515	969	354	436	104	728	106	503	118	738	850	808	434	805	677	299	688	58	959	688	355	786	525	467	406	570	223	627	794	465	236	349	401	552	212	553	634	785	44	973	846	306	350	176	979	972	431	114	86	743	357	251	126	769	656	761	303	567	183	397	869	834	167	904	833	510	576	98	888	559	705	52	418	949	893	103	409	194	597	748	555	328	632	221	321	624	520	884	401	201	279	154	329	
926	290	266	317	916	421	336	658	98	743	428	964	241	783	404	5	198	23	921	967	781	841	392	596	184	119	939	812	561	974	785	95	636	110	188	163	865	115	49	392	249	896	158	114	246	485	111	95	584	566	345	2	325	199	466	423	689	156	864	920	454	501	930	975	37	906	180	884	710	259	935	354	877	908	56	469	821	159	936	431	593	698	404	308	977	386	901	394	482	952	426	76	481	947	677	129	537	270	428	728	131	844	
673	463	645	905	76	133	310	891	343	117	873	665	778	732	8	242	368	988	619	370	993	138	569	96	98	836	487	875	874	983	759	558	391	760	394	489	768	482	384	931	476	840	479	29	979	931	483	536	218	806	29	818	533	928	63	197	945	497	415	400	368	369	554	250	968	405	675	108	214	92	204	222	231	713	572	893	351	761	721	963	21	264	280	248	543	311	939	656	186	633	418	141	517	645	965	231	662	374	73	520	165	274	
185	868	648	664	23	673	606	350	603	684	328	738	811	461	421	351	124	43	773	113	72	403	832	773	768	973	784	67	188	263	364	381	72	206	55	509	809	330	520	794	961	250	907	115	543	32	864	615	339	622	570	700	56	801	123	751	691	108	558	235	419	952	693	733	329	427	924	184	82	903	934	692	954	141	670	245	963	81	401	177	95	352	962	505	691	31	565	779	20	501	656	984	646	980	631	850	979	188	248	744	97	977	
590	381	535	533	585	254	504	41	694	843	161	585	11	759	472	797	862	331	70	871	734	304	87	818	186	828	302	607	929	367	54	910	226	934	607	531	765	231	702	655	168	158	328	137	999	815	768	652	390	614	175	707	665	308	131	482	38	194	836	430	857	811	562	912	248	924	171	166	536	312	572	979	384	402	413	985	652	145	658	691	285	803	696	351	767	923	581	68	627	213	442	865	366	261	565	966	594	434	946	167	747	520	
163	846	733	358	256	800	684	341	24	787	51	579	16	613	577	271	875	913	761	957	707	278	778	948	950	369	566	743	213	884	622	1	538	935	438	316	720	414	485	579	455	427	24	894	7	229	848	518	325	504	313	394	4	503	91	530	14	496	534	170	508	439	138	249	98	702	557	530	461	356	969	458	953	339	141	668	871	326	10	25	188	266	289	836	736	228	59	13	157	731	233	772	390	40	21	185	114	148	977	761	393	80	
423	164	854	331	632	788	62	799	17	432	824	541	226	259	93	907	113	526	490	539	695	805	443	125	377	241	339	352	418	273	913	205	422	231	973	292	866	184	524	867	963	339	536	147	29	910	755	390	133	781	693	695	320	797	276	64	828	577	92	170	968	530	520	40	456	852	463	349	508	750	530	511	698	626	733	516	664	542	427	684	750	146	927	751	572	779	289	153	448	400	638	306	11	35	428	595	996	802	883	782	588	351	
839	109	52	596	998	318	236	875	141	494	278	109	688	107	515	753	369	78	524	575	649	241	531	30	645	269	730	979	738	576	204	659	4	197	235	138	324	75	378	133	648	451	244	973	415	940	45	989	197	529	792	782	132	998	112	953	204	927	26	165	100	330	283	9	65	773	510	796	806	619	321	43	725	883	161	236	653	969	890	192	477	817	435	125	575	682	402	517	161	592	236	265	288	420	352	547	389	767	285	698	485	556	
664	303	708	46	219	440	121	763	378	642	936	183	391	292	804	939	649	706	827	984	697	535	423	303	541	847	833	34	720	92	273	576	305	111	419	589	595	785	948	128	133	51	94	98	43	91	817	963	701	703	306	215	655	815	336	977	273	294	276	823	423	881	257	374	739	404	477	855	145	593	902	258	916	634	192	890	687	985	22	26	935	430	496	630	343	137	732	989	340	472	623	845	682	19	629	31	62	622	520	420	478	535	
